"","ons_code","pc_no_ed","pc_elem_ed","pc_losec_ed","pc_upsec_ed","pc_degree","pc_other_ed"
"1","E14001063",0.176655063191896,0.118616782178735,0.143903994313252,0.173843049936756,0.299432370558535,0.0875487398208256
"2","E14001064",0.219354671032968,0.106376619495016,0.142567541226463,0.172325965199537,0.27151638012813,0.0878588229178849
"3","E14001065",0.114933413891197,0.0717846084132618,0.122322080406817,0.14119024242882,0.486556906578053,0.0632127482818518
"4","E14001066",0.216867309256223,0.113813009105574,0.148195549867349,0.183857937047554,0.243237478169286,0.0940287165540135
"5","E14001067",0.141281082205017,0.0906199929059798,0.149769444342519,0.169412541738524,0.374466419599066,0.0744505192088944
"6","E14001068",0.244092963202066,0.120064557779212,0.159935442220788,0.175403486120077,0.208211749515817,0.09229180116204
"7","E14001069",0.173632303903663,0.117109898785187,0.156122965982868,0.175270122188314,0.293782181951007,0.0840825271889618
"8","E14001070",0.233741551396458,0.118009842544461,0.148443694855949,0.167864469924859,0.235025361543593,0.0969150797346792
"9","E14001071",0.156639516582995,0.106149551391777,0.142382850643905,0.168897262398474,0.346249727158891,0.0796810918239572
"10","E14001072",0.169655055677133,0.102552321996397,0.139065881584834,0.158241545660085,0.348220870763762,0.0822643243177889
"11","E14001073",0.222989860402739,0.102605002743178,0.12350395220775,0.135055777944852,0.34135289456038,0.0744925121411009
"12","E14001074",0.256276751685723,0.108378774552917,0.146690120199355,0.170847258868367,0.226995016124304,0.0908120785693345
"13","E14001075",0.27372596887397,0.115372878570926,0.147872115678036,0.16516044224314,0.201920142719654,0.0959484519142743
"14","E14001076",0.17594846450788,0.0947849819281552,0.130695089867473,0.197831378623589,0.276855744879644,0.123884340193258
"15","E14001077",0.202652858561498,0.13037310256774,0.164455951198752,0.168463611859838,0.255532699673713,0.0785217761384594
"16","E14001078",0.155837140735072,0.115606220881817,0.146474308478315,0.180819697958632,0.322983952645675,0.0782786793004884
"17","E14001079",0.219508502212905,0.110598648963429,0.149604006522246,0.173084090379688,0.248707197763802,0.0984975541579315
"18","E14001080",0.0984643593857438,0.0568072427228971,0.0950492780197112,0.242104056841623,0.452589961035984,0.0549851019940408
"19","E14001081",0.0923727983812187,0.0440486939872282,0.0639353357774611,0.106874381262171,0.65221222571556,0.0405565648763612
"20","E14001082",0.137965361887866,0.0839406276722015,0.129108011180172,0.150217604941738,0.426033463938841,0.0727349303791814
"21","E14001083",0.121226051878498,0.0765075680086426,0.117651791152843,0.140304099481675,0.486317821884589,0.0579926675937525
"22","E14001084",0.197585567662884,0.111441425148076,0.130080933218791,0.151263733779446,0.320183569200163,0.0894447709906407
"23","E14001085",0.12555211894297,0.0560421075478865,0.0692712572575832,0.131227955939009,0.569352650713549,0.0485539095990016
"24","E14001086",0.181466470154753,0.0723732692083931,0.0891769770779196,0.142836365046736,0.461951673583369,0.0521952449288291
"25","E14001087",0.170830973486295,0.0998379937568326,0.137323340753131,0.17508528377435,0.316662934815537,0.100259473413854
"26","E14001088",0.184853270167127,0.110527701013291,0.148006316620608,0.167048295828398,0.297565469140676,0.0919989472298987
"27","E14001089",0.186400010210203,0.1138820466351,0.147869258356413,0.163529156509642,0.305119140300946,0.0832003879876967
"28","E14001090",0.141139647454173,0.0990306809496658,0.131676958352036,0.157347535454755,0.389122760193621,0.0816824175957491
"29","E14001091",0.205679174792641,0.100589769496464,0.151037383397166,0.178375901689419,0.27958833619211,0.0847294344322
"30","E14001092",0.189994726826696,0.0814590641263727,0.105027856111149,0.171458376321159,0.392392874337987,0.0596671022766353
"31","E14001093",0.265723518699803,0.117146135303839,0.136135409100957,0.16028252334186,0.241765876148672,0.0789465374048694
"32","E14001094",0.249854631658988,0.0994654917922798,0.121718030147157,0.144361944804759,0.330567607460751,0.0540322941360648
"33","E14001095",0.294951479890926,0.121990262858657,0.149600909683046,0.156843046555017,0.204479968205253,0.0721343328071008
"34","E14001096",0.24579156259623,0.0947497177267595,0.103962089848428,0.183315085366271,0.315803879973997,0.0563776644883156
"35","E14001097",0.234053687603325,0.108802435804422,0.143151084099478,0.165499113928567,0.274099358936239,0.0743943196279689
"36","E14001098",0.289037620769687,0.115722998866519,0.125362983753441,0.151281912883899,0.249052733847898,0.0695417498785556
"37","E14001099",0.17837264177571,0.078376028812392,0.109107741636842,0.253293893172863,0.32472649678796,0.0561231978142323
"38","E14001100",0.276601703816081,0.116618041778504,0.140856576029875,0.159190103862761,0.235663437974093,0.071070136538686
"39","E14001101",0.225549214291299,0.0977901128397571,0.146352904385896,0.179227581893519,0.257589972115811,0.0934902144737185
"40","E14001102",0.266862722032702,0.111022232678508,0.136066345135866,0.149241265733443,0.254111281025762,0.0826961533937184
"41","E14001103",0.255445946591506,0.106948359050303,0.131574547365404,0.148724501982516,0.270864185735442,0.0864424592748292
"42","E14001104",0.220873117309475,0.11026739844122,0.152883241861514,0.174798887301707,0.242287547302208,0.0988898077838759
"43","E14001105",0.251926642392834,0.119820403422164,0.149239395090133,0.165054616123484,0.221156208814529,0.0928027341568566
"44","E14001106",0.185236069645169,0.0959734735395915,0.143993236281011,0.186913789003672,0.291579698274723,0.0963037332558324
"45","E14001107",0.21718890960486,0.10857039754616,0.157129969326998,0.193011367053588,0.225885607746437,0.0982137487219583
"46","E14001108",0.205094919504266,0.120005769508149,0.153446726358886,0.171820390773225,0.248288564169135,0.101343629686338
"47","E14001109",0.239982126035603,0.114731528223956,0.151240308205116,0.177568174681771,0.222120238641579,0.0943576242119755
"48","E14001110",0.226319875776398,0.109472049689441,0.141426353149956,0.166304347826087,0.264596273291925,0.0918811002661934
"49","E14001111",0.264189521913204,0.113269959534973,0.141788168796968,0.156229258997581,0.235339456612499,0.0891836341447749
"50","E14001112",0.176646103487347,0.0953040412942213,0.13559108649125,0.172290066725419,0.330567795543246,0.0896009064585169
"51","E14001113",0.24307610224572,0.114480768298007,0.146929718193724,0.175983411747587,0.239668719988359,0.0798612795266043
"52","E14001114",0.291163329472116,0.124803491643224,0.146160847261294,0.144071653152408,0.180849743504882,0.112950934966076
"53","E14001115",0.151072533399812,0.0937461047717255,0.137168693129667,0.182800938254258,0.349816995093429,0.0853947353511088
"54","E14001116",0.15802847754655,0.0946549835706462,0.127086527929901,0.228181818181818,0.307809419496166,0.0842387732749179
"55","E14001117",0.13555721985537,0.111664968262348,0.153286105415659,0.178246510086066,0.341956316222421,0.0792888801581358
"56","E14001118",0.288932675770795,0.120286108042233,0.141163338990194,0.148589391678721,0.219000216403376,0.0820282691146824
"57","E14001119",0.254572038062367,0.120778504829702,0.145897749334867,0.162100620790489,0.226300903621677,0.0903501833608974
"58","E14001120",0.29026775268746,0.113027834801227,0.12666931549787,0.142915480211024,0.252941306315255,0.0741783104871642
"59","E14001121",0.179555377717103,0.124489531722588,0.169422508855963,0.181238304833414,0.25847642136729,0.0868178555036424
"60","E14001122",0.223208724189545,0.0892965053038684,0.0975056478528862,0.127227764194007,0.385978449838699,0.0767829086209942
"61","E14001123",0.224993599824452,0.0934882785356398,0.0944483048677907,0.123102805105511,0.386689463482427,0.0772775481841788
"62","E14001124",0.168040149976566,0.0849476644274332,0.0977288704889861,0.12462896422434,0.448992344946102,0.0756620059365724
"63","E14001125",0.164594722783894,0.100876207593799,0.156019870690731,0.170124067001173,0.331411168526424,0.0769739634039791
"64","E14001126",0.208000490075962,0.118610634648371,0.157130605243813,0.18043371722617,0.234648370497427,0.101176182308258
"65","E14001127",0.219959861802662,0.106937811198049,0.144929377095824,0.163817193374657,0.259120008129255,0.105235748399553
"66","E14001128",0.200413386345085,0.10879696674478,0.150570051870771,0.178111587982833,0.26106532557466,0.101042681481872
"67","E14001129",0.174566759173605,0.0907431390687635,0.120209682392846,0.196780758556892,0.345963613937712,0.0717360468701819
"68","E14001130",0.0916581192727765,0.056886193798537,0.0969330823593061,0.230249884469291,0.477327802887704,0.0469449172123849
"69","E14001131",0.0482417451424484,0.0292049111932292,0.061342233877697,0.271128859220408,0.562891882226725,0.0271903683394922
"70","E14001132",0.177244782124914,0.0912411630494644,0.120542186955593,0.163555235858069,0.37384375035123,0.0735728816607285
"71","E14001133",0.18036082152444,0.100805293713715,0.130382670578688,0.1847181472002,0.320194768712154,0.0835382982708034
"72","E14001134",0.141756881098704,0.075689245833854,0.11264213742886,0.177789642285104,0.430575592688939,0.0615465006645386
"73","E14001135",0.195444902629133,0.0973947035968822,0.127023097275523,0.152480156365457,0.351655423926775,0.0760017162062308
"74","E14001136",0.179441352193229,0.110886993821171,0.158389930041362,0.180500944696931,0.274000408517592,0.0967803707297145
"75","E14001137",0.129897513226161,0.0861936770005367,0.136810897845478,0.15649040304649,0.424297799473509,0.0663097094078258
"76","E14001138",0.15690312079999,0.0906893873071849,0.14091071626737,0.166163179245632,0.366185373793171,0.0791482225866512
"77","E14001139",0.204800441419901,0.116596928453191,0.149266599227515,0.166624517196984,0.277669210961928,0.0850423027404819
"78","E14001140",0.173766588998075,0.0943293485969,0.122593962111235,0.17992098065039,0.346216188835984,0.0831729308074157
"79","E14001141",0.158497672856389,0.107108584041073,0.146550069574397,0.163103977736193,0.347955952209587,0.0767837435823617
"80","E14001142",0.247337633118344,0.109471449504448,0.136897001303781,0.165476341567537,0.245987700614969,0.0948298738909208
"81","E14001143",0.207739509105305,0.109736517990675,0.145739861001144,0.170460543679071,0.274907627342307,0.0914159408814991
"82","E14001144",0.191402116402116,0.100444925444925,0.145779220779221,0.167712842712843,0.307178932178932,0.0874819624819625
"83","E14001145",0.186539691735767,0.0957622720305126,0.146733292295808,0.159116969016668,0.334395481044284,0.0774522938769598
"84","E14001146",0.174541925098243,0.108387386960845,0.142914634723735,0.172328488234459,0.312449694616732,0.0893778703659865
"85","E14001147",0.158813070933726,0.0911409478266201,0.135099012936055,0.175721905462571,0.356103243210104,0.0831218196309239
"86","E14001148",0.170740077954551,0.099906846762925,0.151190155173682,0.19308459784767,0.292010884220332,0.0930674380408403
"87","E14001149",0.0934008248968879,0.0470191226096738,0.0664135733033371,0.190157480314961,0.557058492688414,0.0459505061867267
"88","E14001150",0.219864691190378,0.119134799582919,0.158575620165377,0.188183515604161,0.227309100608647,0.0869322728485172
"89","E14001151",0.140350877192982,0.0767296840348681,0.11478163493841,0.237281250686165,0.363381858902576,0.0674746942449992
"90","E14001152",0.202185984808462,0.106669484262553,0.146397586259524,0.175383603939938,0.273072001314878,0.0962913394146445
"91","E14001153",0.161033893581183,0.0989542309416769,0.135816681410031,0.158707269488506,0.373907880227331,0.0715800443512718
"92","E14001154",0.239674091596031,0.13611932452855,0.169143833366187,0.169853472632893,0.185045009527564,0.100164268348775
"93","E14001155",0.154272487622967,0.098064682054909,0.145039542210506,0.168893461068604,0.350491866520928,0.0832379605220858
"94","E14001156",0.17862705471958,0.104972517924492,0.149046816069613,0.176606124576828,0.298608518799799,0.0921389679096889
"95","E14001157",0.201259143782228,0.122232881640484,0.163364911859935,0.176400047967382,0.244885477875045,0.0918575368749251
"96","E14001158",0.12628352688617,0.0781108553397305,0.129568321133901,0.153493003646898,0.440731448671857,0.0718128443214443
"97","E14001159",0.144172661870504,0.0996604316546763,0.145588489208633,0.172592805755396,0.361669064748201,0.0763165467625899
"98","E14001160",0.104313332744214,0.0428584052549412,0.0698498728484884,0.129782909658606,0.605840132748142,0.0473553467456086
"99","E14001161",0.126980117634323,0.0764863662059924,0.12391296503446,0.15929948640229,0.447659942987046,0.0656611217358881
"100","E14001162",0.117728759201505,0.0759605550575134,0.126314726196038,0.143777067892271,0.473187792775161,0.0630310988775111
"101","E14001163",0.145591712644972,0.0805339739018379,0.12134519385955,0.185952532872925,0.392723542143653,0.0738530445770621
"102","E14001164",0.130379453956502,0.077998868836444,0.132898863694792,0.158967042007301,0.428621008792226,0.0711347627127359
"103","E14001165",0.1987717872302,0.108513630323438,0.150985021480822,0.179290681322651,0.274373959825057,0.0880649198178323
"104","E14001166",0.16454475308642,0.0944308278867102,0.136812363834423,0.181327160493827,0.338904774872912,0.0839801198257081
"105","E14001167",0.178201683883949,0.0879261698946729,0.123762097997999,0.144793786041074,0.393824260069019,0.0714920021132856
"106","E14001168",0.140293880587761,0.108897017794036,0.153847107694215,0.187079174158348,0.330894661789324,0.0789881579763159
"107","E14001169",0.142209210774366,0.0716923384011444,0.108187231777504,0.13057653281879,0.486332435099859,0.0610022511283365
"108","E14001170",0.160709715943018,0.0936132876762408,0.140785513215779,0.180633918670257,0.335896467262159,0.0883610972325465
"109","E14001171",0.175860337262779,0.107310884389702,0.149918063117831,0.166265792673257,0.294338425754612,0.106306496801818
"110","E14001172",0.104566008291578,0.0404237917516663,0.0602972558826018,0.121713216699726,0.622028146240117,0.0509715811343104
"111","E14001173",0.158042672799285,0.0710593865059177,0.114823977606653,0.25903341579846,0.32781630021952,0.069224247070165
"112","E14001174",0.289567698467883,0.129942215934975,0.149075694727504,0.147301412232959,0.181528280624356,0.102584698012324
"113","E14001175",0.117835697935442,0.0549811458460041,0.0707169001780363,0.111333502891707,0.60293483429355,0.0421979188552598
"114","E14001176",0.151159352033384,0.101981358364092,0.146953483532491,0.193951873473456,0.332931731306338,0.0730222012902378
"115","E14001177",0.147932026968419,0.0849005769559332,0.12586576246238,0.17896147932027,0.371591162980194,0.0907489913128047
"116","E14001178",0.142400172036074,0.0847815276265742,0.137669180006183,0.17812453798906,0.374608550730481,0.0824160316116286
"117","E14001179",0.205024554480925,0.115770624691729,0.152591623598036,0.165726662520641,0.268834037442903,0.0920524972657674
"118","E14001180",0.242355779776267,0.115398113621408,0.138188199166484,0.1513160780873,0.261767931563939,0.0909738977846019
"119","E14001181",0.19383718509265,0.1052467207995,0.133400421033151,0.17868461840979,0.296400397899461,0.0924306567654475
"120","E14001182",0.149289075647188,0.079819019115854,0.108679222467426,0.234589921097978,0.354686256134305,0.0729365055372492
"121","E14001183",0.174485111506911,0.102726839425031,0.15047788676216,0.185447658229436,0.289541680254873,0.0973208238215889
"122","E14001184",0.178289354152639,0.132771169322518,0.163048938194021,0.16413906612374,0.275449677771009,0.0863017944360725
"123","E14001185",0.192783988218756,0.102260303010019,0.141218733962559,0.16947809982819,0.292467144164045,0.101791730816431
"124","E14001186",0.176416714367487,0.101316542644533,0.13480251860332,0.151768746422438,0.365506582713223,0.0701888952489983
"125","E14001187",0.120664561645863,0.0793823079579654,0.126868617100005,0.151684838916572,0.461011890078445,0.0603877843011495
"126","E14001188",0.17989042525437,0.0947456300547874,0.115992695016958,0.141288807722411,0.396858857291938,0.0712235846595356
"127","E14001189",0.230205165922039,0.110300009879579,0.136985850247538,0.143462463088795,0.298527942742352,0.0805185681196966
"128","E14001190",0.19888939256573,0.09579933514657,0.145210033242672,0.183703535811423,0.279591014405158,0.0968066888284477
"129","E14001191",0.161072072927547,0.110162852530624,0.152181654163897,0.16599800588738,0.328399487228183,0.0821859272623682
"130","E14001192",0.152349109356085,0.107177033492823,0.147898772121981,0.170876808670087,0.338075747967948,0.0836225283910763
"131","E14001193",0.170276254869688,0.0938295579685261,0.129897810564706,0.192206131366118,0.326224674663414,0.087565570567548
"132","E14001194",0.249934688901467,0.115045500065311,0.133942177907432,0.152044237384073,0.254288762136979,0.0947446336047372
"133","E14001195",0.151734811307028,0.0868926837656583,0.134261035198878,0.161853992777682,0.390309395626926,0.074948081323827
"134","E14001196",0.278293065578914,0.111164104173204,0.144248509570129,0.159171634766238,0.225742077188579,0.0813806087229369
"135","E14001197",0.127891012778541,0.0924772063223853,0.127233897748208,0.164173149810493,0.416446650473475,0.071778082866899
"136","E14001198",0.242254384620437,0.114054870705699,0.14200477326969,0.158798800113858,0.244487749337654,0.0983994219526614
"137","E14001199",0.214779853882459,0.10835973362643,0.155143208120515,0.178237537984095,0.248128273097563,0.0953513932889377
"138","E14001200",0.254208968930157,0.117264425284424,0.156254782919239,0.16823121269323,0.210295393092189,0.0937452170807612
"139","E14001201",0.130373328837999,0.0933257258451444,0.144079774887509,0.16281753698925,0.395360296692039,0.0740433367480581
"140","E14001202",0.198900502559989,0.113925394615766,0.156701979567279,0.180744638180403,0.259325673029281,0.0904018120472831
"141","E14001203",0.182732320314987,0.104657605300074,0.139162314774429,0.167548833535701,0.31907720237183,0.0868217237029789
"142","E14001204",0.2582531292076,0.112526803969481,0.147347030369521,0.164825711863562,0.227422330823318,0.0896249937665187
"143","E14001205",0.126400903028139,0.061092617975328,0.0864096568723436,0.117071148020595,0.563114064893629,0.0459116092099656
"144","E14001206",0.167166190376618,0.113380265328408,0.147405961757394,0.175541925141145,0.308508166631816,0.0879974907646198
"145","E14001207",0.129364478996728,0.0552583370548938,0.0759289470566254,0.129938662607887,0.549028900575095,0.0604806737087704
"146","E14001208",0.192714976418592,0.0906672994591602,0.107307764561643,0.135951512275186,0.390363756809935,0.0829946904754842
"147","E14001209",0.218954412547853,0.0967916963917888,0.0967414567486913,0.120002411502869,0.385106960200155,0.0824030626086432
"148","E14001210",0.135767344412171,0.0901742774153612,0.122970334745964,0.178384362649398,0.40532593686015,0.0673777439169563
"149","E14001211",0.261742592932177,0.106174521258481,0.153917690514238,0.177992298221256,0.212204961622089,0.0879679354517591
"150","E14001212",0.124283763606896,0.0977654700680185,0.153341585737803,0.185462155919399,0.363178111560598,0.0759689131072855
"151","E14001213",0.240824321731843,0.106281363907148,0.110330273932491,0.132331707711104,0.33678651844223,0.0734458142751845
"152","E14001214",0.126101883641088,0.0844125717467093,0.144076671217805,0.175479526504858,0.400668089449754,0.0692612574397858
"153","E14001215",0.138209746961145,0.0951189772855832,0.151509056855178,0.173230424999686,0.373072040023632,0.0688597538747753
"154","E14001216",0.217261521533005,0.117152656654219,0.143924052114671,0.165123438725462,0.265735657344868,0.0908026736277758
"155","E14001217",0.139083943134501,0.0988001084090965,0.155468499765935,0.193029787863109,0.331263705127258,0.082353955700101
"156","E14001218",0.179082025756112,0.109653038511869,0.150610882140717,0.175902258857485,0.29778517005638,0.0869666246774371
"157","E14001219",0.184063660226547,0.110896965970629,0.146534395913638,0.17069075602431,0.298082152907513,0.0897320689573628
"158","E14001220",0.136566839419235,0.101937202463372,0.145600084398201,0.184489193074073,0.342353391093352,0.0890532895517664
"159","E14001221",0.24740322973302,0.100624847845492,0.11181327598799,0.134129270469853,0.333735697476264,0.0722936784873813
"160","E14001222",0.18444042388214,0.109692426983717,0.154678211424141,0.192556216076506,0.271426725252003,0.0872059963814939
"161","E14001223",0.178109361998017,0.0878634855859656,0.123302973998883,0.142863656570953,0.400378446772373,0.0674820750738085
"162","E14001224",0.160791337621102,0.0938346844070202,0.130307858712971,0.159418941394029,0.370291110826811,0.0853560670380665
"163","E14001225",0.229655229161524,0.0983193450176911,0.121914342137744,0.140068295894018,0.338074960915,0.0719678268740229
"164","E14001226",0.183705378620225,0.100632637352064,0.141946502453575,0.157582026363899,0.343235831809872,0.0728976234003656
"165","E14001227",0.125651666300616,0.0798182848027373,0.12767457721162,0.155220844074027,0.445664612930447,0.0659700146805535
"166","E14001228",0.205348165306928,0.115299927452303,0.152731993534346,0.182629281268694,0.244574832312999,0.0994158001247311
"167","E14001229",0.1990983424561,0.100051164721442,0.119455143985249,0.137816521378165,0.370374660913049,0.0732041665459952
"168","E14001230",0.108421445453415,0.0669983828834432,0.115511879587013,0.138549570842145,0.515822863540241,0.054695857693743
"169","E14001231",0.133095202884867,0.0765354294879816,0.10657854323319,0.272742784988681,0.342145676681038,0.0689023627242427
"170","E14001232",0.141953806755428,0.0979937616059617,0.14895682885682,0.175124100348331,0.351255567827364,0.0847159346060952
"171","E14001233",0.164484422037648,0.105847932005852,0.146820935040441,0.190538367608478,0.295382829784919,0.0969255135226627
"172","E14001234",0.122051218911598,0.0802388574242797,0.134363457276533,0.167594188623492,0.428527456291554,0.0672248214725437
"173","E14001235",0.186821171312246,0.110203570310053,0.153272784215471,0.171650485436893,0.290397745067335,0.0876542436580019
"174","E14001236",0.228107155175718,0.117177020656881,0.113794887517725,0.124841911623807,0.326917180853102,0.0891618441727666
"175","E14001237",0.118208508433596,0.0884462610097289,0.129963732657878,0.211640089804847,0.374601347072707,0.0771400610212423
"176","E14001238",0.143696362382984,0.0597544283816051,0.0939426333509836,0.115102954252545,0.530067037654981,0.0574365839769015
"177","E14001239",0.201597977112171,0.118023513464195,0.147154662287219,0.169964286645291,0.266976877557936,0.0962826829331874
"178","E14001240",0.180579770485831,0.103866871373182,0.155910900621926,0.176038928933878,0.293098961721616,0.0905045668635666
"179","E14001241",0.161101791942913,0.0987033043107809,0.149053438773065,0.179593684266581,0.326730037010411,0.0848177436962484
"180","E14001242",0.158796030709517,0.0923360470651418,0.139315749002185,0.174077554956121,0.346251022226562,0.0892235960404741
"181","E14001243",0.181073599858438,0.103568133270978,0.146820531617731,0.18103568133271,0.293122843383849,0.0943792105362943
"182","E14001244",0.211817956349206,0.0959077380952381,0.133258928571429,0.167299107142857,0.29906994047619,0.0926463293650794
"183","E14001245",0.177666441853743,0.0971553136140283,0.138970517390885,0.183977261778591,0.315456691396088,0.0867737739666635
"184","E14001246",0.186928869069376,0.122426103272656,0.158807905061286,0.18552769451958,0.252455101493774,0.0938543265833272
"185","E14001247",0.15806434845886,0.0970814491397682,0.151697073652477,0.181571287488955,0.32208014969593,0.0895056915640106
"186","E14001248",0.188893868578868,0.116812856136757,0.151962353543761,0.184753612053695,0.269063320315001,0.0885139893719188
"187","E14001249",0.12460745014936,0.0791610284167794,0.132483978859754,0.154224219368346,0.441698368524523,0.0678249546812368
"188","E14001250",0.170214004610763,0.0990149733367487,0.144179493747526,0.172647462915958,0.321833593367953,0.0921104720210512
"189","E14001251",0.24593343415569,0.104685930663465,0.135786933884393,0.151868484547627,0.275118042968795,0.0866071737800302
"190","E14001252",0.169186492226872,0.120373512297503,0.155248903467431,0.196131659314557,0.263758498912893,0.0953009337807438
"191","E14001253",0.179552534692722,0.10870180882371,0.153091253863298,0.181190203538842,0.28271335869873,0.0947508403826973
"192","E14001254",0.203254724791258,0.119284717458665,0.151926579464011,0.165125245405303,0.266953662748066,0.0934550701326963
"193","E14001255",0.261764432894004,0.129176721737516,0.16557221087804,0.155942546872099,0.195609801373677,0.0919342862446631
"194","E14001256",0.265066067046265,0.12988551602413,0.156372780135156,0.15968519928916,0.182436925011182,0.106553512494107
"195","E14001257",0.129002149861046,0.060814849771905,0.084285040113261,0.122112107388181,0.553825179592051,0.0499606732735567
"196","E14001258",0.106324754063554,0.0648871169407157,0.103505626459695,0.206657387529784,0.461169171247258,0.0574559437589941
"197","E14001259",0.187676935886761,0.0651235081876214,0.0917346655564807,0.113960588398557,0.487649181237857,0.0538551207327227
"198","E14001260",0.152937318863574,0.0577944194114785,0.0785153688307842,0.119153392143174,0.545281462207273,0.046318038543716
"199","E14001261",0.230337519623234,0.108542647828362,0.150954997383569,0.174594453165882,0.249319727891156,0.086250654107797
"200","E14001262",0.223477279672771,0.104351301158937,0.144961094525024,0.173546627800371,0.263029220244952,0.0906344765979454
"201","E14001263",0.120451316138044,0.093189316764203,0.150518989475712,0.196096139488958,0.354996026298678,0.084748211834405
"202","E14001264",0.114249050405503,0.0512165075454265,0.07667590596448,0.123211169284468,0.584036546555795,0.0506108202443281
"203","E14001265",0.100152850299033,0.0422749048532535,0.067449041351648,0.102532801263836,0.64691580923462,0.0406745929976098
"204","E14001266",0.162976851517992,0.0927621932165092,0.130369462272542,0.177207278671186,0.353392947284921,0.0832912670368501
"205","E14001267",0.203788128559897,0.129219295353517,0.158687570345275,0.167055105219477,0.254902852465353,0.0863470480564809
"206","E14001268",0.0986173024050396,0.0682673571256974,0.122547580279209,0.136961802311614,0.51789765902357,0.0557082988548701
"207","E14001269",0.134789424926958,0.0826147889498563,0.138186180194304,0.158994275398466,0.408869569348441,0.0765457611819758
"208","E14001270",0.208633392565805,0.0874666167866904,0.106649624341428,0.122278683584292,0.406864731739252,0.0681069509825316
"209","E14001271",0.166551013433037,0.0821207005478856,0.103041852661233,0.13094362681636,0.452321522894162,0.0650212836473232
"210","E14001272",0.231448999812549,0.0947433253889618,0.146787885279704,0.184452240044988,0.248051843719037,0.0945157057547599
"211","E14001273",0.179596928043829,0.112997113926527,0.152008022305924,0.187533630093431,0.278163674607445,0.089700631022844
"212","E14001274",0.202844760016598,0.111969200977454,0.149580432477293,0.167999907787358,0.286447046890129,0.0811586518511688
"213","E14001275",0.203484284929126,0.113130615948976,0.153213952477728,0.174648823446707,0.267009215588532,0.0885131076089318
"214","E14001276",0.227290920473322,0.115836574677491,0.116914171943472,0.131887642525067,0.321052145444842,0.087018544935806
"215","E14001277",0.157744845360825,0.0975773195876289,0.144755154639175,0.171984536082474,0.334213917525773,0.0937242268041237
"216","E14001278",0.163126355021802,0.113285912645246,0.149021948308202,0.166853426225914,0.329663101995079,0.0780492558037563
"217","E14001279",0.174699492562079,0.0750159177294565,0.0961527330259121,0.127882073742499,0.457205425533967,0.0690443574060854
"218","E14001280",0.121544912935641,0.0806208289651998,0.126326421028408,0.154286737068194,0.447096576235649,0.0701245237669079
"219","E14001281",0.18901724008882,0.099710586063222,0.143247423966468,0.170005738379781,0.308462862703026,0.0895561487986827
"220","E14001282",0.205279192707393,0.111556663415339,0.145912358657563,0.172187902652843,0.270221451537155,0.0948424310297075
"221","E14001283",0.133768889097789,0.0916664708232474,0.139091913233532,0.166071302672088,0.400672134614933,0.0687292895584123
"222","E14001284",0.161730590327253,0.0923586005487582,0.133173965779154,0.147929203122976,0.39247989260354,0.0723277476183186
"223","E14001285",0.148061755760606,0.0831743904324965,0.13052219186556,0.16306252899634,0.391914531676891,0.0832646012681066
"224","E14001286",0.226786483814545,0.106263783619357,0.144072093082207,0.169079064108089,0.263568151283936,0.0902304240918654
"225","E14001287",0.149438959597161,0.0933481358127486,0.137610192564397,0.181740084321267,0.355814598945323,0.0820480287591029
"226","E14001288",0.184070145318536,0.108369611870746,0.14458274572322,0.180084615856276,0.29376417928751,0.0891287019437121
"227","E14001289",0.128474468759911,0.0904154773231843,0.137202664129401,0.170085632730733,0.404909609895338,0.0689121471614336
"228","E14001290",0.130801039827134,0.0569601509284954,0.0758591187794097,0.177297107569459,0.510019853239588,0.0490627296559137
"229","E14001291",0.160667094291212,0.102732520846697,0.14939063502245,0.168595253367543,0.323720333547146,0.0948941629249519
"230","E14001292",0.197480694198418,0.11090271265326,0.152721336528776,0.165850439373415,0.293112430968011,0.0799323862781193
"231","E14001293",0.114089119563033,0.0495134956196872,0.0789047444521949,0.11023491718194,0.601905820318504,0.0453519028646418
"232","E14001294",0.118636842666161,0.0950255177558584,0.156895714674782,0.185290878734414,0.372275047068714,0.0718759991000699
"233","E14001295",0.234194079744198,0.111356038951601,0.149956397461363,0.172726612082748,0.230621093939247,0.101145777820842
"234","E14001296",0.127233172138998,0.0754105726143041,0.113151329557681,0.157312271657779,0.465173746999775,0.0617189070314625
"235","E14001297",0.216603512066441,0.0976604853403083,0.12236343516314,0.174250807596437,0.301040653678057,0.0880811061556174
"236","E14001298",0.15159847195772,0.102883672710472,0.142538398260105,0.173797906266551,0.350007324686447,0.079174226118705
"237","E14001299",0.224702480109813,0.103988698908538,0.142116555832456,0.176259711875475,0.255100816930314,0.0978317363434039
"238","E14001300",0.176956784687371,0.0886587656102452,0.114515803881208,0.135736188182368,0.418168893038653,0.0659635646001549
"239","E14001301",0.200937525420971,0.0953794842593346,0.114709590824046,0.140110225331489,0.375772797527048,0.0730903766371106
"240","E14001302",0.212339186369958,0.117850312934631,0.141548591794159,0.162160987482615,0.273622218358832,0.0924787030598053
"241","E14001303",0.197513950613159,0.115146857352892,0.144618571858188,0.174658335282521,0.262705917733151,0.10535636716009
"242","E14001304",0.171468751569537,0.108201771274548,0.148080561182635,0.183974820444995,0.28559709363647,0.102677001891815
"243","E14001305",0.136068809926678,0.0565859690225172,0.0717276237580806,0.115590698078008,0.575643194932535,0.0443837042821814
"244","E14001306",0.137948428231306,0.0544469553286792,0.070840563334813,0.12550946289496,0.56220491505589,0.0490496751543521
"245","E14001307",0.223581321880344,0.105922744540031,0.146495568058692,0.181572523269324,0.236048196545827,0.106379645705782
"246","E14001308",0.195323349472657,0.0962854533398391,0.136646273567791,0.16653530007882,0.319608652679253,0.0856009708616397
"247","E14001309",0.118577379045178,0.0762576097404678,0.121717398269785,0.178071131047741,0.43528356296059,0.0700929189362384
"248","E14001310",0.110201873920402,0.0441261144940938,0.0677420480519254,0.122991293423831,0.605569417060702,0.0493692530490465
"249","E14001311",0.182944548946284,0.115103456820716,0.156080692941057,0.169033914914227,0.283247541703743,0.093589844673973
"250","E14001312",0.123651194656162,0.0675366104307613,0.100325426051212,0.15473794639034,0.494294339299478,0.0594544831720476
"251","E14001313",0.268969311651791,0.122252109059787,0.152035701185964,0.168553612911114,0.18606186575376,0.102127399437584
"252","E14001314",0.21998441719232,0.100786611593182,0.127181326246358,0.187538023118056,0.267479961149712,0.0970296607003725
"253","E14001315",0.220598153445429,0.106374566850392,0.141107932742622,0.170294658015303,0.255819902788437,0.105804786157818
"254","E14001316",0.18637805710614,0.0985904180554998,0.142497623924073,0.177984819886752,0.303214061014953,0.0913350200125832
"255","E14001317",0.277527460808361,0.107563719739789,0.142476271728698,0.170336994774448,0.226018449397462,0.0760771035512424
"256","E14001318",0.149061962868602,0.0753355356990479,0.116343422768886,0.241853888069435,0.343008301537186,0.074396889056843
"257","E14001319",0.0988276472820816,0.0437312866360224,0.0674313667608485,0.357588664445663,0.390914266436132,0.0415067684392527
"258","E14001320",0.24281805745554,0.113816689466484,0.136149110807114,0.15563155494756,0.260864113087095,0.0907204742362061
"259","E14001321",0.146970917691088,0.0762923304831458,0.106310263274164,0.131896977415079,0.481534423161889,0.0569950879746342
"260","E14001322",0.132399187930417,0.0807160012207582,0.123628305667237,0.156575507875217,0.431153218422833,0.075527778883537
"261","E14001323",0.252674948369086,0.11261247236838,0.123509449235655,0.139294498583393,0.28509604906753,0.0868125823759561
"262","E14001324",0.196312238997751,0.105968519113395,0.146109861869579,0.176716993254096,0.282454224221009,0.0924381625441696
"263","E14001325",0.202435010702664,0.106259511760557,0.132774897613244,0.162532015194071,0.308558419222727,0.0874401455067371
"264","E14001326",0.330201287085963,0.120597487509509,0.117904064806629,0.113874210991632,0.230914735695047,0.0865082139112199
"265","E14001327",0.221999084325314,0.0894239573795055,0.107196370598518,0.208315991009739,0.307926829268293,0.0651377674186298
"266","E14001328",0.248238354705232,0.110911958703757,0.124779794338154,0.161446597566471,0.264707689786554,0.089915604899832
"267","E14001329",0.209977035538073,0.108853823241854,0.154475796366613,0.180873559036857,0.252484027193561,0.0933357586230418
"268","E14001330",0.158333646840475,0.101475991623089,0.142909095469195,0.165180642815043,0.348168491278231,0.0839321319739664
"269","E14001331",0.175690846286701,0.0870358376511226,0.111528497409326,0.135211571675302,0.426273747841105,0.0642594991364421
"270","E14001332",0.129354875295137,0.0632752167771603,0.0840198373011372,0.130200331996412,0.542587303714854,0.0505624349152997
"271","E14001333",0.117296047837994,0.0604256174467978,0.0859149267606342,0.115587548051556,0.575525740559282,0.0452501193437351
"272","E14001334",0.161154451118454,0.0782653675220893,0.0982592447930412,0.124713656852706,0.471914619599067,0.0656926601146428
"273","E14001335",0.167534809175599,0.0990809375939097,0.138823499949915,0.173169387959531,0.341968847039968,0.0794225182810778
"274","E14001336",0.169334405177414,0.0961301680013839,0.129649038901835,0.252846661850152,0.2690362561436,0.0830034699256154
"275","E14001337",0.213796983136439,0.0914871070293183,0.126862645054097,0.156076245797192,0.343786386174235,0.0679906328087183
"276","E14001338",0.21666321692934,0.0707491843835319,0.0883034191825108,0.248252954453611,0.315305991700918,0.0607252333500892
"277","E14001339",0.267206279126809,0.109688496443463,0.144468972283542,0.171829776796664,0.229200392445426,0.0776060829040962
"278","E14001340",0.17933887154198,0.0692583332373172,0.0929704692882903,0.233376732610524,0.369807929393601,0.0552476639282875
"279","E14001341",0.250129597552187,0.102312526077556,0.136349268564059,0.170411298377818,0.26277326118016,0.0780240482482204
"280","E14001342",0.143336934567147,0.0814505143501339,0.11299262529945,0.256082953638029,0.32987693174879,0.0762600403964489
"281","E14001343",0.223551851491885,0.111526873359899,0.152359315774128,0.173668480901934,0.238239867820002,0.100653610652153
"282","E14001344",0.229751372788286,0.121580740288794,0.156002135448444,0.175780455562335,0.208778218425869,0.108107077486272
"283","E14001345",0.218986098092582,0.113496482173712,0.133259551208935,0.148437588227987,0.299551660662458,0.0862686196343268
"284","E14001346",0.231271954054139,0.112800842201816,0.12291143330658,0.142621874315972,0.299461115917406,0.090932780204088
"285","E14001347",0.136698780349943,0.0819715373117456,0.13446296459121,0.165425244620853,0.406617009784834,0.0748244633414141
"286","E14001348",0.125235562128766,0.0809260275279693,0.125390615681878,0.155733403306219,0.445755110803654,0.0669592805515136
"287","E14001349",0.164866134335369,0.107917377905578,0.150465694417395,0.177972023966365,0.310714981269118,0.088063788106176
"288","E14001350",0.21095034722633,0.103079489393921,0.158895974067458,0.180699658097413,0.246844203627243,0.0995303275876347
"289","E14001351",0.184582471996539,0.119285130522571,0.164343060429787,0.177960194221432,0.264145954521417,0.0896831883082544
"290","E14001352",0.18882516078369,0.0752676414747368,0.100943330583195,0.160922853649566,0.406695758491466,0.0673452550173458
"291","E14001353",0.160495320627729,0.0626299061926076,0.0805885781526652,0.27873882394343,0.369807876301811,0.0477394947817576
"292","E14001354",0.10778380905384,0.0475027919902345,0.0739812482144249,0.188439861828948,0.544606913746981,0.0376853751655715
"293","E14001355",0.243308550185874,0.117414033457249,0.146700743494424,0.175720260223048,0.219144981412639,0.0977114312267658
"294","E14001356",0.143302341820439,0.102065095108169,0.147996327570377,0.177130073836525,0.348156673089108,0.0813494885753818
"295","E14001357",0.177291913316518,0.104159159932053,0.144039223760745,0.179801307458692,0.301062953621249,0.0936454419107428
"296","E14001358",0.181812487472439,0.0963995790739627,0.144705852876328,0.157872319102024,0.348128382441371,0.0710813790338745
"297","E14001359",0.130125134789478,0.093186548637059,0.142575920956943,0.184555006645435,0.368921934949971,0.0806354540211149
"298","E14001360",0.114882572640375,0.081952269418244,0.137431157814775,0.164284357789454,0.431373045514971,0.0700765968221814
"299","E14001361",0.174070976846287,0.107275388072963,0.14902263105629,0.185477969999477,0.303637694036481,0.0805153399885015
"300","E14001362",0.148362655183222,0.089287417723934,0.133563183930445,0.176912279745438,0.358798599092408,0.0930758643245527
"301","E14001363",0.148477013306426,0.106716276723214,0.155060856404112,0.180311534338147,0.313678501608123,0.0957558176199786
"302","E14001364",0.171435470240251,0.0975371242303513,0.136448146806713,0.174815887963298,0.329337196667874,0.0904261740915127
"303","E14001365",0.207259938609899,0.115547602182207,0.159079894120717,0.174862369359629,0.245361567808721,0.0978886279188259
"304","E14001366",0.113377165254773,0.0887469970919206,0.147502844860286,0.177291693007966,0.404412694398786,0.0686686053862688
"305","E14001367",0.256336154498956,0.10319044014771,0.136906809789215,0.17112777816005,0.246026285006537,0.086412532397532
"306","E14001368",0.209001770753495,0.0932420646457172,0.13682374395433,0.186708777122922,0.275590030922113,0.0986336126014219
"307","E14001369",0.149468296611984,0.103149437709648,0.138722076650931,0.150640796892364,0.387791723167586,0.0702276689674861
"308","E14001370",0.153600181999722,0.107493585773688,0.144323251728365,0.163294194967202,0.353395432312534,0.0778933532184881
"309","E14001371",0.181367211131276,0.0915708812260536,0.109397055858036,0.139856825972978,0.400504133897963,0.0773038919136923
"310","E14001372",0.170187850695292,0.0949621858989998,0.141010002439619,0.180104903635033,0.318040985606245,0.0956940717248109
"311","E14001373",0.159537755682194,0.106847721172535,0.149978183549074,0.186907485025981,0.296505401224366,0.10022345334585
"312","E14001374",0.162556590483225,0.0984093116135297,0.145788026753108,0.167316345930272,0.327643510729966,0.0982862144898992
"313","E14001375",0.171070565462896,0.0978936879359516,0.139825218476904,0.178103059249333,0.326552818151622,0.0865546507232931
"314","E14001376",0.148136449778901,0.101768793430196,0.143866077068857,0.169399873657612,0.361023373341756,0.0758054327226785
"315","E14001377",0.232967989853673,0.093465462736858,0.111884074431635,0.201459480947243,0.278380373672554,0.0818426183580366
